https://www.wunderground.com/history/daily/pl/goleni%C3%B3w/EPSC/date/2019-7-15

Lato (Gdañsk 15 Lipca 2019r)

23,3
23,3
22,2
21,1
21,1
21,1
22,2
23,8
27,2
27,8
30
32,2
32,8
22,8
22,8
25
26,1
22,2
21,1
18,9
20
18,9
17,8
17,8
16,1
 
Jesieñ (Gdañsk 10 listopada 2019r) 

6,1
6,1
6,1
5
3,9
3,9
2,8
2,2
2,2
2,2
2,8
3,9
3,9
3,9
3,9
5
2,8
3,9
1,1
0
2,8
2,8
2,8
2,8
2,8


Zima (Bielsko-bia³a 19 stycznia 2019r) 
-1,1
-2,2
-2,2
-2,2
-3,9
-5
-5
-6,1
-3,9
-2,8
-1,1
-1,1
0
1,1
0
-1,1
-3,9
-3,9
-5
-5
-6,1
-7,2
-7,8
-7.8
-7,2

Wiosna (Kraków, 5 kwietnia 2019r) 

8,8
8,8
10
8,8
7,8
8,8
15
12,2
13,9
16,1
17,8
18,9
20
21,1
17,8
17,2
17,2
16,1
13,9
12,8
11,1
11,1
10
8,8
8,8























